xcenter = 237.5
ycenter = 107.5
factor0 = 0.999927217363979
factor1 = -0.0003955138964848543
factor2 = -2.632956586859146e-07
factor3 = -3.8941459622623746e-10
factor4 = 1.2908444929279894e-12
